1 1 1 1 1 1 0 0 0 0 0 0 0 0 0 
1 1 1 1 1 1 0 0 0 0 0 0 0 0 0 
1 1 1 1 1 1 0 0 0 0 0 0 0 0 0 
1 1 1 1 1 1 0 0 0 0 0 0 0 0 0 
1 1 1 1 1 1 0 0 0 0 0 0 0 0 0 
1 1 1 1 1 1 0 0 0 0 2 2 2 2 2 
1 1 1 1 1 1 1 0 0 0 2 2 2 2 2 
0 1 1 1 1 1 1 0 0 0 2 2 2 2 2 
0 0 0 0 0 0 0 0 0 0 2 2 2 2 2 
0 0 0 0 0 0 0 0 0 0 2 2 2 2 2 
0 0 0 0 0 0 0 0 0 0 0 2 2 2 2 
0 0 0 0 0 0 0 0 0 0 0 2 2 2 2 
0 0 0 0 0 0 0 0 0 0 0 2 2 2 2 
0 0 0 0 0 0 0 0 0 0 0 2 2 2 2 
0 0 0 0 0 0 0 0 0 0 0 2 2 2 2 

Число завоёванных клеток игрока: Влад 49
Число завоёванных клеток игрока: Егор 45

Влад победил!